0.0000 110.15 110.70 86.000 94.280 94.076 97.388 86.624 84.968 109.81 106.42 100.56 107.32 96.280 111.46 113.46 48.280 56.560 92.280 41.656 
110.15 0.0000 21.312 89.452 109.45 176.08 207.54 175.32 176.98 140.83 102.97 48.624 209.27 198.23 165.31 167.31 113.59 133.59 68.624 151.81 
110.70 21.312 0.0000 104.90 124.90 176.62 208.09 160.64 162.29 126.14 81.656 64.076 209.82 183.54 180.76 182.76 114.14 134.14 84.076 152.36 
86.000 89.452 104.90 0.0000 20.000 101.53 161.12 172.62 170.97 191.12 154.92 40.828 193.32 182.28 84.140 86.140 54.280 62.560 20.828 106.56 
94.280 109.45 124.90 20.000 0.0000 81.528 152.84 180.90 179.25 199.40 163.20 60.828 185.04 174.00 64.140 66.140 46.000 54.280 40.828 98.280 
94.076 176.08 176.62 101.53 81.528 0.0000 76.000 153.74 152.09 203.88 200.50 140.70 119.80 146.84 42.000 42.828 62.484 42.484 120.70 55.732 
97.388 207.54 208.09 161.12 152.84 76.000 0.0000 111.73 107.73 172.42 178.97 175.68 43.796 79.044 118.00 118.83 106.84 98.560 167.40 55.732 
86.624 175.32 160.64 172.62 180.90 153.74 111.73 0.0000 4.0000 67.312 98.700 173.94 82.000 39.312 195.74 196.57 134.90 143.18 165.66 99.184 
84.968 176.98 162.29 170.97 179.25 152.09 107.73 4.0000 0.0000 71.312 102.70 175.59 78.000 35.312 194.09 194.92 133.25 141.53 167.31 97.528 
109.81 140.83 126.14 191.12 199.40 203.88 172.42 67.312 71.312 0.0000 47.796 172.56 149.31 106.62 221.27 223.27 153.40 166.37 180.84 148.15 
106.42 102.97 81.656 154.92 163.20 200.50 178.97 98.700 102.70 47.796 0.0000 136.36 180.70 138.01 217.88 219.88 142.98 162.98 144.64 144.76 
100.56 48.624 64.076 40.828 60.828 140.70 175.68 173.94 175.59 172.56 136.36 0.0000 207.88 196.84 123.31 125.31 78.216 98.216 20.000 121.12 
107.32 209.27 209.82 193.32 185.04 119.80 43.796 82.000 78.000 149.31 180.70 207.88 0.0000 49.312 161.80 162.62 139.04 130.76 199.60 86.764 
96.280 198.23 183.54 182.28 174.00 146.84 79.044 39.312 35.312 106.62 138.01 196.84 49.312 0.0000 188.84 189.67 128.00 136.28 188.56 92.280 
111.46 165.31 180.76 84.140 64.140 42.000 118.00 195.74 194.09 221.27 217.88 123.31 161.80 188.84 0.0000 2.0000 74.904 54.904 103.31 96.560 
113.46 167.31 182.76 86.140 66.140 42.828 118.83 196.57 194.92 223.27 219.88 125.31 162.62 189.67 2.0000 0.0000 76.904 56.904 105.31 97.388 
48.280 113.59 114.14 54.280 46.000 62.484 106.84 134.90 133.25 153.40 142.98 78.216 139.04 128.00 74.904 76.904 0.0000 20.000 60.560 52.280 
56.560 133.59 134.14 62.560 54.280 42.484 98.560 143.18 141.53 166.37 162.98 98.216 130.76 136.28 54.904 56.904 20.000 0.0000 78.216 44.000 
92.280 68.624 84.076 20.828 40.828 120.70 167.40 165.66 167.31 180.84 144.64 20.000 199.60 188.56 103.31 105.31 60.560 78.216 0.0000 112.84 
41.656 151.81 152.36 106.56 98.280 55.732 55.732 99.184 97.528 148.15 144.76 121.12 86.764 92.280 96.560 97.388 52.280 44.000 112.84 0.0000 
